0.377121
0.151414
-0.288677
0.241903
0.290772
0.143035
0.345118
-0.015106
-0.092731
0.012737
-0.158674
-0.251266
-0.085694
-0.439305
-0.241324
0.328494
-0.415635
0.393185
-0.515674
-0.149007
0.189300
0.458866
-0.017192
-0.077216
0.229482
0.441540
-0.330282
-0.388998
0.251713
-0.330642
-0.245923
0.126579
-0.137897
0.292980
0.003279
-0.017393
-0.315499
0.243162
-0.014897
-0.163707
0.371820
0.239918
0.262784
-0.154650
-0.221183
0.249281
0.470336
0.402156
0.029450
-0.142432
-0.250358
0.283814
-0.233525
0.006430
0.355511
-0.072164
-0.163591
0.383570
0.302761
0.295840
0.249324
0.368900
0.041838
-0.466512
-0.447140
0.109372
0.069404
-0.541245
0.583701
0.272452
0.054654
-0.375779
-0.428078
-0.051615
-0.642813
0.114730
-0.094377
-0.301286
0.329425
-0.117258
0.417878
0.356315
0.295214
-0.053533
-0.234980
0.294577
0.284309
-0.240365
-0.114526
0.402803
0.014461
-0.306216
-0.032631
-0.151133
0.240311
0.365230
-0.228613
-0.198261
-0.336490
0.228447
0.329668
0.370876
0.345114
0.180305
-0.166881
-0.473718
0.135862
-0.194576
-0.119253
0.212167
0.090163
0.114471
0.366908
0.034855
0.097040
0.035357
0.394024
0.236017
0.401696
-0.071364
-0.724129
0.241547
-0.164545
0.353022
0.365990
-0.051456
0.231380
0.034654
0.388013
0.280161
0.375874
0.162194
-0.423448
-0.052705
0.177817
-0.254816
-0.573088
0.008454
0.081598
-0.342226
-0.581517
0.076495
0.493898
0.330440
0.118213
-0.356375
0.497378
0.418239
0.294116
-0.098994
0.097975
-0.351373
-0.029050
-0.023072
0.367753
-0.377198
-0.037997
-0.093812
-0.123829
0.518697
